     1, 321596.625, -1104831, 0
     2, 313196.59375, -1104831, 0
     3, 313196.59375, -1113231.125, 0
     4, 337099.59375, -1105117.625, 15923.430664
     5, 338146.59375, -1103272.25, 15852.163086
     6, 337154.5625, -1108378.625, 16889.230469
     7, 338146.59375, -1106567.125, 16830.603516
     8, 337366.03125, -1111618.75, 17807.861328
     9, 338146.59375, -1110180.625, 17760.333984
    10, 337725.65625, -1114849.875, 18672.65625
    11, 338146.59375, -1114065.875, 18647.236328
    12, 338146.59375, -1117562.125, 19348.628906
    13, 336374.625, -1121513.875, 19492.466797
    14, 338146.59375, -1118232.875, 19479.076172
    15, 337031.1875, -1124740.25, 20244.056641
    16, 338146.59375, -1122655.375, 20233.326172
    17, 337800.125, -1127987, 20939.306641
    18, 338146.59375, -1127333.5, 20935.375
    19, 338146.59375, -1129287.375, 21193.808594
    20, 336869.3125, -1134613.25, 21533.675781
    21, 338146.59375, -1132236.5, 21566.283203
    22, 337852.8125, -1137906.375, 22129.302734
    23, 338146.59375, -1137355.25, 22135.6875
    24, 338146.59375, -1138822, 22279.533203
    25, 337131.46875, -1144539.875, 22585.873047
    26, 338146.59375, -1142661.5, 22636.365234
    27, 338146.59375, -1147484.875, 23032.048828
    28, 336498.5, -1151169.625, 22963.960938
    29, 338146.59375, -1148156.75, 23084.136719
    30, 337736.84375, -1154564.625, 23440.777344
    31, 338146.59375, -1153808.75, 23467.894531
    32, 338146.59375, -1155645, 23577.570313
    33, 337259.21875, -1161243.375, 23725.212891
    34, 338146.59375, -1159619.5, 23799.826172
    35, 338146.59375, -1163494.375, 23990.246094
    36, 336852.96875, -1167944.625, 23957.876953
    37, 338146.59375, -1165585.875, 24086.001953
    38, 338146.59375, -1171122.875, 24308.146484
    39, 312842.375, -1166581.375, 8330.782227
    40, 313323.90625, -1164719.75, 9292.354492
    41, 312717.8125, -1164622.75, 6124.993164
    42, 312617.1875, -1166517.875, 7131.724121
    43, 312461.59375, -1166473.5, 5143.456055
    46, 313883.46875, -1166873.375, 11331.620117
    47, 314616.78125, -1164953.125, 12235.013672
    48, 313436.875, -1166748.625, 10298.799805
    49, 315551.3125, -1167329.375, 14007.792969
    50, 316527.03125, -1165296.375, 14827.770508
    51, 314969.09375, -1167172, 13205.568359
    52, 317706.375, -1167891.125, 16304.298828
    53, 318893.125, -1165699.75, 17023.919922
    54, 317104.59375, -1167737.25, 15737.563477
    55, 320206.125, -1168504.5, 18216.523438
    56, 321573.5625, -1166124.125, 18830.396484
    57, 319674.21875, -1168377.375, 17852.966797
    58, 322940.5625, -1169130.625, 19784.654297
    59, 324456.5, -1166543.75, 20302.714844
    60, 322534.65625, -1169040.625, 19574.5625
    61, 325827.25, -1169740.375, 21070.306641
    62, 327464, -1166941.875, 21501.984375
    63, 325572.4375, -1169688.625, 20967.394531
    64, 328813.75, -1170316.875, 22126.759766
    65, 330549.40625, -1167310.875, 22483.46875
    66, 328714.9375, -1170298.75, 22094.933594
    67, 335076.09375, -1171148.625, 23740.972656
    68, 335162.125, -1171359.5, 23765.257813
    69, 334973.625, -1171332.125, 23725.972656
    70, 337267.0625, -1101827.25, 14892.317383
    71, 335198.125, -1105409, 14887.94043
    72, 335515.15625, -1102113, 13810.083008
    73, 333424.6875, -1105705.25, 13641.854492
    74, 333906.03125, -1102396.875, 12519.416016
    75, 331827.53125, -1105991.5, 12172.024414
    76, 332490.25, -1102662.875, 11016.259766
    77, 330459.65625, -1106251.125, 10483.169922
    78, 331313.15625, -1102895.25, 9311.625
    79, 329363.875, -1106468.25, 8594.584961
    80, 330415, -1103079.25, 7437.1875
    81, 328578.625, -1106628.75, 6555.811035
    82, 329810.5625, -1103205.625, 5446.936035
    83, 328090.34375, -1106730.625, 4419.53125
    84, 326935.3125, -1110094.625, 5546.01123
    85, 335116.03125, -1108664.5, 15910.583984
    86, 333190.65625, -1108960.75, 14724.678711
    87, 331421.84375, -1109254.75, 13309.757813
    88, 329865.78125, -1109530.5, 11660.757813
    89, 328573.5625, -1109771.75, 9789.65332
    90, 327591.03125, -1109962.625, 7731.32666
    91, 335200.8125, -1111889.625, 16889.673828
    92, 333132.5, -1112175, 15772.261719
    93, 331202, -1112465.125, 14426.480469
    94, 329462.5625, -1112745.125, 12836.623047
    95, 327973.46875, -1112999.25, 11006.56543
    96, 326784.78125, -1113212.5, 8957.05957
    97, 325941.0625, -1113371.375, 6742.26416
    98, 325428.28125, -1113474, 4422.644531
    99, 324431.96875, -1116694.875, 5637.712402
   100, 335444.625, -1115097.75, 17816.166016
   101, 333244.09375, -1115363.125, 16771.648438
   102, 331163.40625, -1115637.875, 15504.870117
   103, 329250.375, -1115910.375, 13991.054688
   104, 327567.03125, -1116165.75, 12222.387695
   105, 326172.125, -1116389.5, 10210.708984
   106, 325120.21875, -1116568.5, 7993.46875
   107, 335841.03125, -1118302.375, 18683.6875
   108, 333520.90625, -1118540.25, 17713.263672
   109, 331301.9375, -1118790.5, 16531.519531
   110, 329228.3125, -1119044.375, 15106.316406
   111, 327358.65625, -1119289.5, 13418.208984
   112, 325759.28125, -1119511.875, 11468.915039
   113, 324489.8125, -1119700, 9280.12793
   114, 323602.90625, -1119843, 6910.126953
   115, 323084.875, -1119940.375, 4429.006348
   116, 322239.5625, -1123044.125, 5720.883301
   117, 333946.75, -1121718.75, 18595
   118, 331601.84375, -1121937.75, 17500.191406
   119, 329381.375, -1122164, 16170.94043
   120, 327337.53125, -1122388, 14578.816406
   121, 325538.5625, -1122597.5, 12711.944336
   122, 324052.34375, -1122782.125, 10581.203125
   123, 322944.1875, -1122932.5, 8226.117188
   124, 334505.8125, -1124908.75, 19417.017578
   125, 332047.9375, -1125091.125, 18407.496094
   126, 329693.84375, -1125282.875, 17177.173828
   127, 327490.5625, -1125476.5, 15690.704102
   128, 325502.25, -1125663.125, 13923.882813
   129, 323802.875, -1125832.125, 11875.15625
   130, 322463.4375, -1125977.875, 9566.701172
   131, 321546.40625, -1126094.375, 7060.552246
   132, 321038.90625, -1126181.125, 4437.918457
   133, 320307.40625, -1129195, 5796.956055
   134, 335186.25, -1128117.375, 20179.753906
   135, 332627.625, -1128260.375, 19251.904297
   136, 330153.1875, -1128412.875, 18119.707031
   137, 327806.15625, -1128569.625, 16743.199219
   138, 325642.6875, -1128723.75, 15089.739258
   139, 323737.96875, -1128867.625, 13142.3125
   140, 322169.65625, -1128995.875, 10910.143555
   141, 321015.75, -1129105.5, 8434.463867
   142, 335977.375, -1131351.125, 20884.664063
   143, 333328.4375, -1131453.125, 20033.923828
   144, 330747.4375, -1131563.625, 18995.876953
   145, 328271.28125, -1131678.625, 17729.685547
   146, 325949.875, -1131793.875, 16196.59082
   147, 323852.71875, -1131903.625, 14366.850586
   148, 322062.09375, -1132003.375, 12234.789063
   149, 320661.6875, -1132093.5, 9822.700195
   150, 319724.78125, -1132174.5, 7196.121582
   151, 319239.9375, -1132247, 4448.461914
   152, 318601.1875, -1135197.125, 5866.439941
   153, 334138.96875, -1134674.75, 20755.521484
   154, 331463.8125, -1134742.125, 19805.947266
   155, 328873.0625, -1134813.125, 18646.925781
   156, 326411.09375, -1134884.5, 17235.640625
   157, 324138.4375, -1134953.625, 15534.836914
   158, 322136.65625, -1135016.875, 13521.554688
   159, 320494.40625, -1135075.625, 11202.841797
   160, 319303.5, -1135134.875, 8621.34375
   161, 335048.84375, -1137928.875, 21419.609375
   162, 332289.96875, -1137953.625, 20552.166016
   163, 329598.8125, -1137979.75, 19494.230469
   164, 327012.5, -1138005.25, 18202.576172
   165, 324583.5, -1138028.75, 16634.908203
   166, 322386.6875, -1138049.25, 14755.389648
   167, 320512.71875, -1138067.75, 12553.582031
   168, 319059.03125, -1138092.875, 10051.631836
   169, 318110.4375, -1138132.125, 7318.344727
   170, 317657.1875, -1138187.5, 4460.020508
   171, 317093.21875, -1141098.625, 5929.83252
   172, 336049.0625, -1141217, 22028.767578
   173, 333215.46875, -1141201.125, 21237.595703
   174, 330436.34375, -1141183.25, 20273.261719
   175, 327741.125, -1141162.75, 19095.919922
   176, 325175, -1141138.5, 17659.962891
   177, 322802.5, -1141111.625, 15923.242188
   178, 320711.90625, -1141084.25, 13856.318359
   179, 319003.0625, -1141065, 11463.667969
   180, 317782.15625, -1141067.375, 8789.128906
   181, 334230.71875, -1144486.5, 21865.941406
   182, 331374.1875, -1144426.75, 20987.355469
   183, 328584.5, -1144361.25, 19916.396484
   184, 325898.9375, -1144289.375, 18607.580078
   185, 323372.03125, -1144212.875, 17015.029297
   186, 321084.1875, -1144135.625, 15096.483398
   187, 319134.34375, -1144065.625, 12836.337891
   188, 317633.96875, -1144019.75, 10256.370117
   189, 316679.96875, -1144013.125, 7428.446289
   190, 316264.28125, -1144049.875, 4472.050293
   191, 315762.6875, -1146945.25, 5987.402832
   192, 335327.5, -1147809.75, 22440.308594
   193, 332402.5, -1147711.625, 21640.525391
   194, 329530.90625, -1147603.375, 20666.912109
   195, 326742.125, -1147485.875, 19477.943359
   196, 324081.90625, -1147360.125, 18025.332031
   197, 321618.65625, -1147231.125, 16261.915039
   198, 319447.15625, -1147107.25, 14151.490234
   199, 317678.34375, -1147005, 11695.72168
   200, 316433.3125, -1146947.125, 8939.433594
   201, 333512.34375, -1151037.625, 22237.269531
   202, 330569.46875, -1150890.5, 21351.861328
   203, 327692.15625, -1150729.875, 20273.195313
   204, 324917.5625, -1150557.125, 18953.679688
   205, 322302.375, -1150377, 17343.916016
   206, 319931.84375, -1150198.5, 15395.113281
   207, 317913.25, -1150036.5, 13086.31543
   208, 316372.125, -1149916.75, 10438.762695
   209, 315417.25, -1149862.75, 7527.153809
   210, 315042.5625, -1149879.875, 4484.064453
   211, 314595.28125, -1152782.875, 6039.231934
   212, 334696.1875, -1154403.125, 22781.162109
   213, 331690.75, -1154221.875, 21976.140625
   214, 328737.53125, -1154022.375, 20997.390625
   215, 325865.5625, -1153806.25, 19801.888672
   216, 323121.125, -1153577.625, 18338.792969
   217, 320576.03125, -1153345.375, 16555.992188
   218, 318331.375, -1153123.75, 14410.495117
   219, 316509.09375, -1152937.25, 11901.030273
   220, 315244.625, -1152817.875, 9073.231445
   221, 335947.25, -1157806, 23275.769531
   222, 332886.4375, -1157596.25, 22544.921875
   223, 329867.8125, -1157362.625, 21655.875
   224, 326913.34375, -1157107.75, 20573.402344
   225, 324059.8125, -1156835.25, 19247.996094
   226, 321365.6875, -1156552.25, 17626.865234
   227, 318921.125, -1156273.375, 15654.845703
   228, 316840.90625, -1156020, 13305.65918
   229, 315264.40625, -1155827, 10599.891602
   230, 314311.6875, -1155726.125, 7614.815918
   231, 313978.84375, -1155724, 4495.600098
   232, 313581.6875, -1158658.125, 6085.205078
   233, 334149.53125, -1161010.25, 23062.164063
   234, 331074.09375, -1160748.75, 22254.3125
   235, 328049.625, -1160460.875, 21273.339844
   236, 325104.75, -1160149.625, 20074.894531
   237, 322285.875, -1159821.375, 18605.78125
   238, 319668.25, -1159488.75, 16809.179688
   239, 317358.53125, -1159172.625, 14635.550781
   240, 315489.03125, -1158904.375, 12080.714844
   241, 314208.9375, -1158725.625, 9190.928711
   242, 335473.625, -1164461.125, 23531.699219
   243, 332348.53125, -1164178, 22798.474609
   244, 329264.46875, -1163862.875, 21907.902344
   245, 326243.09375, -1163519.375, 20824.183594
   246, 323320.875, -1163152.5, 19496.101563
   247, 320557.6875, -1162772.625, 17867.746094
   248, 318047.9375, -1162398.5, 15877.982422
   249, 315913.65625, -1162059.25, 13495.483398
   250, 314306.65625, -1161796.75, 10740.105469
   251, 313357.6875, -1161651.625, 7691.38623
   252, 313064.96875, -1161631.625, 4506.179688
   253, 333684.53125, -1167645.875, 23292.681641
   254, 331896.96875, -1170800.625, 23006.335938
   255, 329746.625, -1198972.375, 22989.802734
   256, 329547.59375, -1198601.5, 22947.216797
   257, 328349.90625, -1209019.625, 22284.300781
   258, 329746.625, -1205510.5, 22811.103516
   259, 328047.59375, -1202278, 22420.603516
   260, 329746.625, -1205367.5, 22815.876953
   261, 328757.84375, -1215648.375, 22115.265625
   262, 329746.625, -1213089.375, 22519.677734
   263, 329746.625, -1211480, 22590.025391
   264, 329746.625, -1217360.75, 22318.476563
   265, 329264.46875, -1222199.25, 21907.902344
   266, 329746.625, -1223028.75, 22000.195313
   267, 329746.625, -1220905.375, 22123.865234
   268, 328737.53125, -1232039.625, 20997.390625
   269, 329746.625, -1229057.625, 21585.273438
   270, 328049.625, -1225601.375, 21273.339844
   271, 329746.625, -1228492.875, 21630.378906
   272, 329530.90625, -1238458.75, 20666.912109
   273, 329746.625, -1238830.375, 20704.404297
   274, 329746.625, -1237776, 20809.15625
   275, 329746.625, -1233764.75, 21192.644531
   276, 329598.8125, -1248082.375, 19494.230469
   277, 329746.625, -1247517.25, 19631.6875
   278, 328584.5, -1241700.875, 19916.396484
   279, 329746.625, -1243695.25, 20140.341797
   280, 329746.625, -1248339, 19518.927734
   281, 328873.0625, -1251249, 18646.925781
   282, 329746.625, -1252763.375, 18809.550781
   283, 329693.84375, -1260779.25, 17177.173828
   284, 329746.625, -1260871.75, 17186.101563
   285, 329746.625, -1260419.875, 17285.390625
   286, 328271.28125, -1254383.375, 17729.685547
   287, 329746.625, -1256943.75, 18035.441406
   288, 329381.375, -1263898.125, 16170.94043
   289, 329746.625, -1264539.5, 16239.503906
   290, 329746.625, -1282678.75, 5504.522461
   291, 328578.625, -1279433.375, 6555.811035
   292, 328090.34375, -1279331.5, 4419.53125
   293, 329746.625, -1282725.5, 5408.726074
   294, 329746.625, -1281690.875, 7116.378906
   295, 329746.625, -1280827.625, 8173.172852
   296, 329363.875, -1279593.625, 8594.584961
   297, 327973.46875, -1273062.75, 11006.56543
   298, 329746.625, -1276313.125, 11619.551758
   299, 329746.625, -1275581.25, 12008.332031
   300, 329462.5625, -1273316.75, 12836.623047
   301, 328573.5625, -1276290.25, 9789.65332
   302, 329746.625, -1278480.125, 10220.990234
   303, 329746.625, -1280295.25, 8735.371094
   304, 329746.625, -1273822.75, 12905.214844
   305, 329250.375, -1270151.75, 13991.054688
   306, 329746.625, -1271027.75, 14101.770508
   307, 329228.3125, -1267017.625, 15106.316406
   308, 329746.625, -1267930, 15213.063477
   309, 326935.3125, -1275967.5, 5546.01123
   310, 327591.03125, -1276099.5, 7731.32666
   311, 326784.78125, -1272849.5, 8957.05957
   312, 325941.0625, -1272690.625, 6742.26416
   313, 325428.28125, -1272587.875, 4422.644531
   314, 324431.96875, -1269367.25, 5637.712402
   315, 327567.03125, -1269896.25, 12222.387695
   316, 326172.125, -1269672.5, 10210.708984
   317, 325120.21875, -1269493.5, 7993.46875
   318, 327358.65625, -1266772.625, 13418.208984
   319, 325759.28125, -1266550.25, 11468.915039
   320, 324489.8125, -1266362.125, 9280.12793
   321, 323602.90625, -1266219.125, 6910.126953
   322, 323084.875, -1266121.75, 4429.006348
   323, 322239.5625, -1263018, 5720.883301
   324, 327337.53125, -1263674.25, 14578.816406
   325, 325538.5625, -1263464.625, 12711.944336
   326, 324052.34375, -1263280, 10581.203125
   327, 322944.1875, -1263129.375, 8226.117188
   328, 327490.5625, -1260585.5, 15690.704102
   329, 325502.25, -1260399, 13923.882813
   330, 323802.875, -1260229.875, 11875.15625
   331, 322463.4375, -1260084.125, 9566.701172
   332, 321546.40625, -1259967.75, 7060.552246
   333, 321038.90625, -1259881, 4437.918457
   334, 320307.40625, -1256867.125, 5796.956055
   335, 327806.15625, -1257492.5, 16743.199219
   336, 325642.6875, -1257338.125, 15089.739258
   337, 323737.96875, -1257194.375, 13142.3125
   338, 322169.65625, -1257066.25, 10910.143555
   339, 321015.75, -1256956.5, 8434.463867
   340, 325949.875, -1254268.25, 16196.59082
   341, 323852.71875, -1254158.5, 14366.850586
   342, 322062.09375, -1254058.625, 12234.789063
   343, 320661.6875, -1253968.375, 9822.700195
   344, 319724.78125, -1253887.75, 7196.121582
   345, 319239.9375, -1253815.125, 4448.461914
   346, 318601.1875, -1250865, 5866.439941
   347, 326411.09375, -1251177.5, 17235.640625
   348, 324138.4375, -1251108.5, 15534.836914
   349, 322136.65625, -1251045.125, 13521.554688
   350, 320494.40625, -1250986.5, 11202.841797
   351, 319303.5, -1250927, 8621.34375
   352, 327012.5, -1248056.75, 18202.576172
   353, 324583.5, -1248033.25, 16634.908203
   354, 322386.6875, -1248012.875, 14755.389648
   355, 320512.71875, -1247994.125, 12553.582031
   356, 319059.03125, -1247969.125, 10051.631836
   357, 318110.4375, -1247930, 7318.344727
   358, 317657.1875, -1247874.5, 4460.020508
   359, 317093.21875, -1244963.375, 5929.83252
   360, 327741.125, -1244899.25, 19095.919922
   361, 325175, -1244923.625, 17659.962891
   362, 322802.5, -1244950.5, 15923.242188
   363, 320711.90625, -1244977.875, 13856.318359
   364, 319003.0625, -1244997.25, 11463.667969
   365, 317782.15625, -1244994.5, 8789.128906
   366, 325898.9375, -1241772.625, 18607.580078
   367, 323372.03125, -1241849, 17015.029297
   368, 321084.1875, -1241926.375, 15096.483398
   369, 319134.34375, -1241996.375, 12836.337891
   370, 317633.96875, -1242042.375, 10256.370117
   371, 316679.96875, -1242048.875, 7428.446289
   372, 316264.28125, -1242012.25, 4472.050293
   373, 315762.6875, -1239116.75, 5987.402832
   374, 326742.125, -1238576.25, 19477.943359
   375, 324081.90625, -1238702, 18025.332031
   376, 321618.65625, -1238831, 16261.915039
   377, 319447.15625, -1238954.75, 14151.490234
   378, 317678.34375, -1239056.875, 11695.72168
   379, 316433.3125, -1239115, 8939.433594
   380, 327692.15625, -1235332.25, 20273.195313
   381, 324917.5625, -1235504.875, 18953.679688
   382, 322302.375, -1235685, 17343.916016
   383, 319931.84375, -1235863.625, 15395.113281
   384, 317913.25, -1236025.5, 13086.31543
   385, 316372.125, -1236145.25, 10438.762695
   386, 315417.25, -1236199.375, 7527.153809
   387, 315042.5625, -1236182.125, 4484.064453
   388, 314595.28125, -1233279.25, 6039.231934
   389, 325865.5625, -1232255.875, 19801.888672
   390, 323121.125, -1232484.375, 18338.792969
   391, 320576.03125, -1232716.75, 16555.992188
   392, 318331.375, -1232938.375, 14410.495117
   393, 316509.09375, -1233124.625, 11901.030273
   394, 315244.625, -1233244, 9073.231445
   395, 326913.34375, -1228954.25, 20573.402344
   396, 324059.8125, -1229226.75, 19247.996094
   397, 321365.6875, -1229509.75, 17626.865234
   398, 318921.125, -1229788.875, 15654.845703
   399, 316840.90625, -1230042, 13305.65918
   400, 315264.40625, -1230235, 10599.891602
   401, 314311.6875, -1230336, 7614.815918
   402, 313978.84375, -1230338, 4495.600098
   403, 313581.6875, -1227404, 6085.205078
   404, 325104.75, -1225912.5, 20074.894531
   405, 322285.875, -1226240.75, 18605.78125
   406, 319668.25, -1226573.25, 16809.179688
   407, 317358.53125, -1226889.375, 14635.550781
   408, 315489.03125, -1227157.75, 12080.714844
   409, 314208.9375, -1227336.5, 9190.928711
   410, 326243.09375, -1222542.75, 20824.183594
   411, 323320.875, -1222909.5, 19496.101563
   412, 320557.6875, -1223289.5, 17867.746094
   413, 318047.9375, -1223663.5, 15877.982422
   414, 315913.65625, -1224002.875, 13495.483398
   415, 314306.65625, -1224265.125, 10740.105469
   416, 313357.6875, -1224410.5, 7691.38623
   417, 313064.96875, -1224430.5, 4506.179688
   418, 312717.8125, -1221439.25, 6124.993164
   419, 327464, -1219120.125, 21501.984375
   420, 324456.5, -1219518.375, 20302.714844
   421, 321573.5625, -1219938, 18830.396484
   422, 318893.125, -1220362.25, 17023.919922
   423, 316527.03125, -1220765.625, 14827.770508
   424, 314616.78125, -1221108.75, 12235.013672
   425, 313323.90625, -1221342.25, 9292.354492
   426, 325680.09375, -1216070.25, 21031.5
   427, 322699.75, -1216520.5, 19702.357422
   428, 319878, -1216986.375, 18069.21875
   429, 317312.875, -1217444.5, 16065.673828
   430, 315132.53125, -1217860.5, 13655.902344
   431, 313499.78125, -1218184.125, 10858.994141
   432, 312554.78125, -1218368.5, 7756.401855
   433, 312297.59375, -1218403.875, 4515.270996
   434, 312004.375, -1215324.875, 6157.995117
   435, 326980.90625, -1212569.125, 21689.466797
   436, 323921.75, -1213040.875, 20489.970703
   437, 320985.84375, -1213537.75, 19015.535156
   438, 318253.375, -1214039.875, 17201.445313
   439, 315840.46875, -1214517, 14987.116211
   440, 313896.3125, -1214923.875, 12363.205078
   441, 312592.78125, -1215203.5, 9376.685547
   442, 325226.96875, -1209503.625, 21200.222656
   443, 322200.0625, -1210020.25, 19869.927734
   444, 319331.4375, -1210554.5, 18232.636719
   445, 316721.96875, -1211079.625, 16217.75293
   446, 314504.5625, -1211556.5, 13785.813477
   447, 312850.8125, -1211929.25, 10955.192383
   448, 311908.25, -1212144.375, 7808.848145
   449, 311678.8125, -1212191.375, 4522.228027
   450, 311448.9375, -1208986.25, 6183.214355
   451, 326605.03125, -1205914, 21840.972656
   452, 323506.21875, -1206439.25, 20640.142578
   453, 320529.75, -1206992, 19162.777344
   454, 317757.65625, -1207550.75, 17341.523438
   455, 315308.96875, -1208081.5, 15112.094727
   456, 313338.4375, -1208534.625, 12463.285156
   457, 312025.65625, -1208847.625, 9442.189453
   458, 326347.1875, -1199110, 21960.939453
   459, 324891.8125, -1202800.375, 21334.242188
   460, 323222.4375, -1199658.875, 20755.578125
   461, 321831.53125, -1203358, 20000.712891
   462, 320220.21875, -1200236.875, 19272.169922
   463, 318929.59375, -1203934.75, 18357.84375
   464, 317423.15625, -1200821.375, 17442.076172
   465, 316288.6875, -1204501.875, 16332.373047
   466, 314951.96875, -1201377, 15199.238281
   467, 314044.8125, -1205017.125, 13882.508789
   468, 312963.96875, -1201851.375, 12531.456055
   469, 312374.8125, -1205420, 11026.023438
   470, 311642.53125, -1202179, 9485.835938
   471, 311431.5625, -1205653.875, 7846.931641
   472, 311068.09375, -1202324.125, 6199.053223
   473, 311217.875, -1205707.125, 4526.199219